73.796567920025
73.84657980887373
71.27587884132305
68.19971818092657
67.19300785686869
65.00075503212088
68.95179994734923
64.52695728641913
61.35426824749597
57.0058751849792
63.174604723589894
66.14681164355333
68.8724327544999
73.1447359956469
75.34223980529524
79.28714149151754
75.47276119555454
76.65648305664217
75.35952444851097
78.68521090988605
74.30100015792632
79.50257546926899
78.0082477957558
71.2380884980003
68.5169950715732
71.06526365128651
75.50720908248176
74.21623524895459
77.70771320270829
78.22996251690392
83.83179575800692
84.34591924257374
88.18187098021465
93.53655716658407
90.15623641250761
89.78439208242133
88.92765599318574
95.09858466074523
97.5371777083783
91.50540212284899
90.44481428989796
85.52614230992762
89.5438181243558
83.71558032952572
86.69655953145772
88.68419147128996
90.45721749531143
95.8914452210729
99.69534189970055
100
96.96030026404809
96.09232491014602
96.08919047619165
94.9574933811472
94.8317797464752
92.84019830111575
90.22187592643621
83.9738795907745
90.23514516689727
94.83840589388053
100
100
100
95.67322560277084
90.72238563388869
87.5411494521593
84.12238148994827
90.09035427557774
94.42673533503677
97.61324578077337
100
99.9433728199636
95.54588496612834
98.07132741972917
100
98.4782198204677
100
99.70586898101075
98.97383346903355
100
100
98.75133942178279
98.08879376346206
99.23826334840618
94.2652084143165
97.4374282485576
92.81809265948505
98.85974755671157
97.69094617849925
99.1048361726103
100
95.13128067913344
99.32754445023083
100
100
100
96.07052916847802
93.08137286128945
92.38921145191597
90.92033267487218
93.20616415190484
88.92384225259653
91.14973962910418
89.86016788080909
89.92673479833473
91.12403648972256
91.02683960889478
90.06733908072341
90.6531511080292
90.92277854528564
91.21757642231964
91.42121214281343
92.30447241303958
92.22628128430668
92.32588825225899
93.8595929227152
94.73578380215459
93.86432987279494
92.3669488473844
91.9741730116561
92.12368211579658
92.50436431658707
92.53599321003159
91.94526186861032
91.89672933032863
93.26171856553661
94.68211461067965
91.33863378464133
95.36733052873767
90.57471561801536
90.86424213445129
92.96308997169118
90.23037321528948
95.869425561264
98.97506739046491
100
99.6420283928001
99.52085714597088
95.98930053709074
90.91057649441748
85.76709939429419
81.15512948225603
77.00199441403797
78.70927493230133
75.09888554430367
74.36572221827932
74.38743639738077
75.25406866340029
78.45181701924464
71.65346515254784
72.77316044261894
71.54427806101708
71.58515016883317
69.396745668461
66.8260387247327
68.32962935326833
73.18118455832135
70.88876140331479
75.41578120129358
72.46712137805
72.23600591570839
78.15087221916819
81.84389165400371
80.58724141819353
76.33060186475937
77.51347131699755
81.04735448470797
81.79363753724488
79.12362447279992
81.46263464148022
85.00782188066927
80.70414768975454
75.38404448782384
72.67307811942705
71.57062956412868
77.91667358542746
73.63140280177835
76.94737864784298
76.11068803611221
77.75537401083875
79.800930307177
76.67016279799269
83.12126982748511
81.42209052398842
78.26070466014853
71.57005967387397
68.75834852097387
66.61120522179321
69.73997581899445
71.03068945655578
70.13497847170966
67.72154846899586
64.73376721607613
62.757069201492065
69.09849310655986
63.398037690390446
59.908946424850484
55.51590879269949
53.374826746678735
58.558844393408656
63.73643086751402
62.20409019309748
64.79845903195057
68.79284350956586
69.52309407574674
70.54087889131591
69.85357552079752
68.9492642138634
62.53414602125697
67.89307009742812
66.41082358858645
66.04658111844842
60.18541527249732
56.51128111453192
54.33855904387788
54.83224484267321
56.14775624265326
58.19740381287492
58.17073174180783
59.05553629341784
61.361690684937
62.44671262487852
65.69990038608941
66.76344956771882
63.98496673697055
63.938231699950855
64.29272432084937
64.91766287531503
64.48281725219567
64.33968916262927
62.86324486220965
63.00890666961409
64.58667929613722
65.34257987607522
65.05308698421477
65.44932888094937
65.70272865295107
64.99704393480897
68.60798110631997
71.75849174709455
73.09225173456367
73.05800284857274
74.53390347961985
76.19043987548261
75.60581473084981
74.25386725935937
71.68941519881987
77.15308900774143
70.59046274884666
74.5512210925455
77.53075904650203
77.04956013394785
79.15792622810498
83.1714901033699
79.41811366245425
79.6938254813271
83.13489662082162
88.43704234315878
89.91042793901441
88.73676355809947
93.34515264321955
92.97039525805037
95.40276938250666
90.6626988512184
85.90003657045506
80.92557760356024
83.36212890324204
86.7622330429364
88.9807307618837
85.70101724486373
86.14451819179935
86.27464710225229
86.06884298242241
85.95246356904777
86.88401529352906
86.91658278601882
86.43745770445781
85.94084794858715
86.79646691763415
86.97349751950706
86.7783243285121
84.80851606293469
85.5944035769541
84.97976432493583
83.15584118376758
83.04644335015661
84.56325819516671
83.3329508475465
83.17118468904563
84.4350993766962
83.19740727396304
86.56209653654668
86.22567078666331
88.92390445987196
92.26396346513971
93.00320313280066
94.16316542786618
94.83533613432603
96.70927416646732
100
100
99.78519167091989
100
99.49586575430904
96.36775926787418
93.07184222177705
90.92680248617518
89.83332002086988
90.0171019988004
88.26896447826627
87.7233838996936
93.19326421374701
94.45094842469538
90.8487116089119
94.05742660019476
92.85925032963708
86.04910765407224
86.75488994318486
80.37389198704257
86.59404876319998
92.90117976822451
89.06567788321955
91.37667728844005
86.76739346480517
80.29487901619838
76.56323863501177
75.92372862616084
76.54929269001335
79.1802243510041
78.71831159685642
75.973407315471
73.72529795423355
67.84745002429214
67.29597025206864
63.24514538067787
65.405659970423
63.96469681122319
59.58460380294156
66.379713072566
66.47733327870739
62.36439385404306
58.97473930784666
53.811513158297615
50.96623499594609
50.875549097704614
53.40713795703704
50.95411445452324
51.2580034351876
51.244308123511765
51.35829734828553
51.30705187949117
51.06482652661153
51.20712855526935
50.95833470821428
51.07005155488602
53.18507824721313
49.09229833033955
47.24957942191677
46.237398179763325
47.09393967787912
47.98744365824458
48.350169093569264
48.226303673345114
50.9983636328172
51.5674979672621
